{
  "nbformat": 4,
  "nbformat_minor": 0,
  "metadata": {
    "colab": {
      "name": "PythonProject2.ipynb",
      "provenance": [],
      "authorship_tag": "ABX9TyMQOZ9w17fCiO5BM5k777jq",
      "include_colab_link": true
    },
    "kernelspec": {
      "name": "python3",
      "display_name": "Python 3"
    },
    "language_info": {
      "name": "python"
    }
  },
  "cells": [
    {
      "cell_type": "markdown",
      "metadata": {
        "id": "view-in-github",
        "colab_type": "text"
      },
      "source": [
        "<a href=\"https://colab.research.google.com/github/connerdandrews/LinearAlgebra/blob/main/PythonProject2.ipynb\" target=\"_parent\"><img src=\"https://colab.research.google.com/assets/colab-badge.svg\" alt=\"Open In Colab\"/></a>"
      ]
    },
    {
      "cell_type": "code",
      "metadata": {
        "id": "8WU3BUOB5nep"
      },
      "source": [
        "import numpy as np\n",
        "import sympy as sp"
      ],
      "execution_count": 3,
      "outputs": []
    },
    {
      "cell_type": "markdown",
      "metadata": {
        "id": "EtIrYm7t6mjp"
      },
      "source": [
        "#Problem 1#"
      ]
    },
    {
      "cell_type": "code",
      "metadata": {
        "colab": {
          "base_uri": "https://localhost:8080/"
        },
        "id": "iXml-ldL6vNn",
        "outputId": "0a4d49ef-c4b8-46b7-82fa-9a235862ec72"
      },
      "source": [
        "for i in range(5,18,2):\n",
        "  print(i)\n"
      ],
      "execution_count": 1,
      "outputs": [
        {
          "output_type": "stream",
          "text": [
            "5\n",
            "7\n",
            "9\n",
            "11\n",
            "13\n",
            "15\n",
            "17\n"
          ],
          "name": "stdout"
        }
      ]
    },
    {
      "cell_type": "markdown",
      "metadata": {
        "id": "P8OReUgL9Drp"
      },
      "source": [
        "#Problem 2#"
      ]
    },
    {
      "cell_type": "code",
      "metadata": {
        "colab": {
          "base_uri": "https://localhost:8080/"
        },
        "id": "N817Sqy-9FY6",
        "outputId": "00f9aca1-1fb0-40de-8247-7f13225ae633"
      },
      "source": [
        "sum = 0\n",
        "for i in range(2, 1002, 2):\n",
        "  sum += i\n",
        "print(sum)"
      ],
      "execution_count": 2,
      "outputs": [
        {
          "output_type": "stream",
          "text": [
            "250500\n"
          ],
          "name": "stdout"
        }
      ]
    },
    {
      "cell_type": "markdown",
      "metadata": {
        "id": "EWDfK57294F5"
      },
      "source": [
        "#Problem 3#"
      ]
    },
    {
      "cell_type": "code",
      "metadata": {
        "colab": {
          "base_uri": "https://localhost:8080/"
        },
        "id": "GbPqZe-q95nx",
        "outputId": "e7e3bb9a-492c-42af-a18f-19d1f28db850"
      },
      "source": [
        "M=np.array([[0,0,0,1/3,0,0,0,0,1/3],[1/4,0,0,0,0,0,0,0,1/3],[1/4,1/3,0,0,0,1/3,0,0,0],[0,0,1/3,0,0,0,0,1/2,0],[1/4,1/3,0,1/3,0,0,0,0,1/3],[0,0,0,0,1/2,0,0,0,0],[1/4,1/3,0,1/3,0,1/3,0,0,0],[0,0,1/3,0,1/2,0,1,0,0],[0,0,1/3,0,0,1/3,0,1/2,0]])\n",
        "for i in range(2,9):\n",
        "  N = np.linalg.matrix_power(M,i)\n",
        "  print(\"M raised to\", i, \":\")\n",
        "  print(N)\n",
        "  print('')\n"
      ],
      "execution_count": 22,
      "outputs": [
        {
          "output_type": "stream",
          "text": [
            "M raised to 2 :\n",
            "[[0.         0.         0.22222222 0.         0.         0.11111111\n",
            "  0.         0.33333333 0.        ]\n",
            " [0.         0.         0.11111111 0.08333333 0.         0.11111111\n",
            "  0.         0.16666667 0.08333333]\n",
            " [0.08333333 0.         0.         0.08333333 0.16666667 0.\n",
            "  0.         0.         0.19444444]\n",
            " [0.08333333 0.11111111 0.16666667 0.         0.25       0.11111111\n",
            "  0.5        0.         0.        ]\n",
            " [0.08333333 0.         0.22222222 0.08333333 0.         0.11111111\n",
            "  0.         0.33333333 0.19444444]\n",
            " [0.125      0.16666667 0.         0.16666667 0.         0.\n",
            "  0.         0.         0.16666667]\n",
            " [0.08333333 0.         0.11111111 0.08333333 0.16666667 0.\n",
            "  0.         0.16666667 0.19444444]\n",
            " [0.45833333 0.61111111 0.         0.5        0.         0.44444444\n",
            "  0.         0.         0.16666667]\n",
            " [0.08333333 0.11111111 0.16666667 0.         0.41666667 0.11111111\n",
            "  0.5        0.         0.        ]]\n",
            "\n",
            "M raised to 3 :\n",
            "[[0.05555556 0.07407407 0.11111111 0.         0.22222222 0.07407407\n",
            "  0.33333333 0.         0.        ]\n",
            " [0.02777778 0.03703704 0.11111111 0.         0.13888889 0.06481481\n",
            "  0.16666667 0.08333333 0.        ]\n",
            " [0.04166667 0.05555556 0.09259259 0.08333333 0.         0.06481481\n",
            "  0.         0.13888889 0.08333333]\n",
            " [0.25694444 0.30555556 0.         0.27777778 0.05555556 0.22222222\n",
            "  0.         0.         0.14814815]\n",
            " [0.05555556 0.07407407 0.2037037  0.02777778 0.22222222 0.13888889\n",
            "  0.33333333 0.13888889 0.02777778]\n",
            " [0.04166667 0.         0.11111111 0.04166667 0.         0.05555556\n",
            "  0.         0.16666667 0.09722222]\n",
            " [0.06944444 0.09259259 0.14814815 0.08333333 0.08333333 0.10185185\n",
            "  0.16666667 0.13888889 0.08333333]\n",
            " [0.15277778 0.         0.22222222 0.15277778 0.22222222 0.05555556\n",
            "  0.         0.33333333 0.35648148]\n",
            " [0.29861111 0.36111111 0.         0.33333333 0.05555556 0.22222222\n",
            "  0.         0.         0.2037037 ]]\n",
            "\n",
            "M raised to 4 :\n",
            "[[0.18518519 0.22222222 0.         0.2037037  0.03703704 0.14814815\n",
            "  0.         0.         0.11728395]\n",
            " [0.11342593 0.13888889 0.02777778 0.11111111 0.07407407 0.09259259\n",
            "  0.08333333 0.         0.06790123]\n",
            " [0.03703704 0.0308642  0.10185185 0.01388889 0.10185185 0.05864198\n",
            "  0.13888889 0.08333333 0.03240741]\n",
            " [0.09027778 0.01851852 0.14197531 0.10416667 0.11111111 0.04938272\n",
            "  0.         0.21296296 0.20601852]\n",
            " [0.20833333 0.25308642 0.06481481 0.2037037  0.13888889 0.1882716\n",
            "  0.13888889 0.02777778 0.11728395]\n",
            " [0.02777778 0.03703704 0.10185185 0.01388889 0.11111111 0.06944444\n",
            "  0.16666667 0.06944444 0.01388889]\n",
            " [0.12268519 0.13271605 0.10185185 0.10648148 0.12037037 0.13271605\n",
            "  0.13888889 0.08333333 0.08179012]\n",
            " [0.11111111 0.14814815 0.2808642  0.125      0.19444444 0.19290123\n",
            "  0.33333333 0.25462963 0.125     ]\n",
            " [0.10416667 0.01851852 0.17901235 0.11805556 0.11111111 0.06790123\n",
            "  0.         0.26851852 0.23842593]]\n",
            "\n",
            "M raised to 5 :\n",
            "[[0.06481481 0.01234568 0.10699588 0.07407407 0.07407407 0.03909465\n",
            "  0.         0.16049383 0.14814815]\n",
            " [0.08101852 0.0617284  0.05967078 0.09027778 0.0462963  0.05967078\n",
            "  0.         0.08950617 0.1087963 ]\n",
            " [0.0933642  0.11419753 0.04320988 0.09259259 0.07098765 0.09104938\n",
            "  0.08333333 0.02314815 0.05658436]\n",
            " [0.06790123 0.08436214 0.17438272 0.06712963 0.13117284 0.11599794\n",
            "  0.21296296 0.15509259 0.07330247]\n",
            " [0.14891975 0.11419753 0.11625514 0.16203704 0.10802469 0.10699588\n",
            "  0.02777778 0.16049383 0.20010288]\n",
            " [0.10416667 0.12654321 0.03240741 0.10185185 0.06944444 0.0941358\n",
            "  0.06944444 0.01388889 0.05864198]\n",
            " [0.12345679 0.12037037 0.09053498 0.12731481 0.10802469 0.10751029\n",
            "  0.08333333 0.0941358  0.1252572 ]\n",
            " [0.23919753 0.26954733 0.16820988 0.21296296 0.22376543 0.24639918\n",
            "  0.25462963 0.125      0.15123457]\n",
            " [0.07716049 0.09670782 0.20833333 0.07175926 0.16820988 0.13914609\n",
            "  0.26851852 0.17824074 0.0779321 ]]\n",
            "\n",
            "M raised to 6 :\n",
            "[[0.04835391 0.06035665 0.12757202 0.0462963  0.09979424 0.08504801\n",
            "  0.16049383 0.11111111 0.05041152]\n",
            " [0.04192387 0.03532236 0.09619342 0.04243827 0.07458848 0.05615569\n",
            "  0.08950617 0.09953704 0.0630144 ]\n",
            " [0.0779321  0.06584362 0.0574417  0.08256173 0.05709877 0.06104252\n",
            "  0.02314815 0.07458848 0.09284979]\n",
            " [0.15072016 0.17283951 0.09850823 0.13734568 0.13554527 0.15354938\n",
            "  0.15509259 0.07021605 0.09447874]\n",
            " [0.09156379 0.0840192  0.17421125 0.09490741 0.13374486 0.11471193\n",
            "  0.16049383 0.18106996 0.12371399]\n",
            " [0.07445988 0.05709877 0.05812757 0.08101852 0.05401235 0.05349794\n",
            "  0.01388889 0.08024691 0.10005144]\n",
            " [0.10056584 0.09396433 0.11556927 0.10493827 0.10082305 0.0997085\n",
            "  0.0941358  0.12628601 0.11728395]\n",
            " [0.22903807 0.21553498 0.16306584 0.23919753 0.18569959 0.19135802\n",
            "  0.125      0.18209877 0.2441701 ]\n",
            " [0.18544239 0.21502058 0.1093107  0.1712963  0.15869342 0.18492798\n",
            "  0.17824074 0.07484568 0.11402606]]\n",
            "\n",
            "M raised to 7 :\n",
            "[[0.11205418 0.12928669 0.06927298 0.10288066 0.09807956 0.11282579\n",
            "  0.11111111 0.04835391 0.0695016 ]\n",
            " [0.07390261 0.08676269 0.0683299  0.06867284 0.07784636 0.08290466\n",
            "  0.09953704 0.05272634 0.05061157]\n",
            " [0.05088306 0.0458962  0.08333333 0.05272634 0.0678155  0.05781321\n",
            "  0.07458848 0.08770576 0.06695816]\n",
            " [0.1404964  0.12971536 0.10068016 0.14711934 0.11188272 0.11602652\n",
            "  0.07021605 0.11591221 0.15303498]\n",
            " [0.13811728 0.15614998 0.13323045 0.12860082 0.14789095 0.15280636\n",
            "  0.18106996 0.1093107  0.10310928]\n",
            " [0.04578189 0.0420096  0.08710562 0.0474537  0.06687243 0.05735597\n",
            "  0.08024691 0.09053498 0.061857  ]\n",
            " [0.10112311 0.10350937 0.11616941 0.09850823 0.11299726 0.10899634\n",
            "  0.12628601 0.11111111 0.09845107]\n",
            " [0.1723251  0.15792181 0.22182213 0.17991255 0.1867284  0.17741198\n",
            "  0.18209877 0.24168381 0.21009088]\n",
            " [0.16531636 0.14874829 0.12005601 0.17412551 0.12988683 0.13385917\n",
            "  0.07484568 0.14266118 0.18638546]]\n",
            "\n",
            "M raised to 8 :\n",
            "[[0.10193759 0.09282122 0.07357872 0.10708162 0.08058985 0.08329523\n",
            "  0.04835391 0.08619113 0.11314015]\n",
            " [0.083119   0.08190444 0.05733692 0.083762   0.0678155  0.07282617\n",
            "  0.05272634 0.0596422  0.07950389]\n",
            " [0.06790838 0.07524577 0.06913009 0.06442901 0.07275949 0.07495999\n",
            "  0.08770576 0.05984225 0.05486492]\n",
            " [0.10312357 0.09425964 0.13868884 0.10753172 0.11596936 0.10797706\n",
            "  0.11591221 0.15007716 0.12736483]\n",
            " [0.15458533 0.15406379 0.1136736  0.15569273 0.13105853 0.13913656\n",
            "  0.1093107  0.11585505 0.14738607]\n",
            " [0.06905864 0.07807499 0.06661523 0.06430041 0.07394547 0.07640318\n",
            "  0.09053498 0.05465535 0.05155464]\n",
            " [0.11474051 0.11848422 0.10269014 0.11346879 0.11005373 0.1136355\n",
            "  0.11111111 0.09847965 0.10587658]\n",
            " [0.18714278 0.1968831  0.21056241 0.18038409 0.2095479  0.20467059\n",
            "  0.24168381 0.19500171 0.1723251 ]\n",
            " [0.1183842  0.10826284 0.16772405 0.12334962 0.13826017 0.12709572\n",
            "  0.14266118 0.18025549 0.14798382]]\n",
            "\n"
          ],
          "name": "stdout"
        }
      ]
    },
    {
      "cell_type": "markdown",
      "metadata": {
        "id": "Bt8QYx77EZRv"
      },
      "source": [
        "#The smallest value of k for every value of M positive is k = 6#"
      ]
    },
    {
      "cell_type": "markdown",
      "metadata": {
        "id": "CS-o3P42FEpK"
      },
      "source": [
        "#Problem 4#"
      ]
    },
    {
      "cell_type": "code",
      "metadata": {
        "colab": {
          "base_uri": "https://localhost:8080/"
        },
        "id": "3A0t8Kd6FPZh",
        "outputId": "95117d69-f767-4c12-d992-6a2c52eaf8b1"
      },
      "source": [
        "# This block of code initializes the matrix M and an initial probability vector a. \n",
        "M=np.array([[0,0,0,1/3,0,0,0,0,1/3],[1/4,0,0,0,0,0,0,0,1/3],[1/4,1/3,0,0,0,1/3,0,0,0],[0,0,1/3,0,0,0,0,1/2,0],[1/4,1/3,0,1/3,0,0,0,0,1/3],[0,0,0,0,1/2,0,0,0,0],[1/4,1/3,0,1/3,0,1/3,0,0,0],[0,0,1/3,0,1/2,0,1,0,0],[0,0,1/3,0,0,1/3,0,1/2,0]])\n",
        "a = np.array([1,0,0,0,0,0,0,0,0])\n",
        "\n",
        "# This block performs matrix multiplication to multiply a and M together for the initial x. \n",
        "x = M@a\n",
        "print(\"Probability Vector 1\")\n",
        "print(x)\n",
        "print('')\n",
        "\n",
        "# This block is the Markov Chain portion that continues to perform matrix multiplication to find the steady-state vector. \n",
        "for i in range(1,80):\n",
        "  x = M@x\n",
        "  print(\"Probability Vector\",i+1,\":\")\n",
        "  print(x)\n",
        "  print('')\n",
        "\n",
        "print(\"This is the Steady-State Vector:\")\n",
        "print(x)"
      ],
      "execution_count": 37,
      "outputs": [
        {
          "output_type": "stream",
          "text": [
            "Probability Vector 1\n",
            "[0.   0.25 0.25 0.   0.25 0.   0.25 0.   0.  ]\n",
            "\n",
            "Probability Vector 2 :\n",
            "[0.         0.         0.08333333 0.08333333 0.08333333 0.125\n",
            " 0.08333333 0.45833333 0.08333333]\n",
            "\n",
            "Probability Vector 3 :\n",
            "[0.05555556 0.02777778 0.04166667 0.25694444 0.05555556 0.04166667\n",
            " 0.06944444 0.15277778 0.29861111]\n",
            "\n",
            "Probability Vector 4 :\n",
            "[0.18518519 0.11342593 0.03703704 0.09027778 0.20833333 0.02777778\n",
            " 0.12268519 0.11111111 0.10416667]\n",
            "\n",
            "Probability Vector 5 :\n",
            "[0.06481481 0.08101852 0.0933642  0.06790123 0.14891975 0.10416667\n",
            " 0.12345679 0.23919753 0.07716049]\n",
            "\n",
            "Probability Vector 6 :\n",
            "[0.04835391 0.04192387 0.0779321  0.15072016 0.09156379 0.07445988\n",
            " 0.10056584 0.22903807 0.18544239]\n",
            "\n",
            "Probability Vector 7 :\n",
            "[0.11205418 0.07390261 0.05088306 0.1404964  0.13811728 0.04578189\n",
            " 0.10112311 0.1723251  0.16531636]\n",
            "\n",
            "Probability Vector 8 :\n",
            "[0.10193759 0.083119   0.06790838 0.10312357 0.15458533 0.06905864\n",
            " 0.11474051 0.18714278 0.1183842 ]\n",
            "\n",
            "Probability Vector 9 :\n",
            "[0.07383592 0.0649458  0.07621028 0.11620751 0.12702665 0.07729267\n",
            " 0.1105848  0.21466931 0.13922706]\n",
            "\n",
            "Probability Vector 10 :\n",
            "[0.08514486 0.064868   0.0658718  0.13273808 0.12525244 0.06351333\n",
            " 0.10460764 0.19950155 0.1585023 ]\n",
            "\n",
            "Probability Vector 11 :\n",
            "[0.09708013 0.07412031 0.06407999 0.12170804 0.13998901 0.06262622\n",
            " 0.10832602 0.18919113 0.14287915]\n",
            "\n",
            "Probability Vector 12 :\n",
            "[0.08819573 0.07189642 0.06985221 0.11595556 0.13717254 0.0699945\n",
            " 0.11042156 0.19968052 0.13683097]\n",
            "\n",
            "Probability Vector 13 :\n",
            "[0.08426218 0.06765926 0.06934591 0.12312433 0.13027658 0.06858627\n",
            " 0.10799776 0.2022919  0.14645583]\n",
            "\n",
            "Probability Vector 14 :\n",
            "[0.08986005 0.06988415 0.06648072 0.12426125 0.13347868 0.06513829\n",
            " 0.10752216 0.19625135 0.14712334]\n",
            "\n",
            "Probability Vector 15 :\n",
            "[0.09046153 0.07150613 0.06747249 0.12028592 0.13622126 0.06673934\n",
            " 0.10889291 0.19642174 0.14199868]\n",
            "\n",
            "Probability Vector 16 :\n",
            "[0.0874282  0.06994828 0.0686972  0.1207017  0.13387896 0.06811063\n",
            " 0.10879251 0.19949437 0.14294815]\n",
            "\n",
            "Probability Vector 17 :\n",
            "[0.08788328 0.06950643 0.06787668 0.12264625 0.13305643 0.06693948\n",
            " 0.10811059 0.19863106 0.1453498 ]\n",
            "\n",
            "Probability Vector 18 :\n",
            "[0.08933202 0.07042075 0.06745279 0.12194109 0.13447165 0.06652821\n",
            " 0.10833488 0.19726436 0.14425425]\n",
            "\n",
            "Probability Vector 19 :\n",
            "[0.08873178 0.07041775 0.06798266 0.12111644 0.13453837 0.06723582\n",
            " 0.10862969 0.19805496 0.14329251]\n",
            "\n",
            "Probability Vector 20 :\n",
            "[0.08813632 0.06994712 0.06806747 0.12168837 0.13379185 0.06726918\n",
            " 0.10843962 0.19855976 0.14410031]\n",
            "\n",
            "Probability Vector 21 :\n",
            "[0.08859623 0.07006752 0.06777285 0.12196904 0.13394601 0.06689592\n",
            " 0.10833564 0.1980247  0.1443921 ]\n",
            "\n",
            "Probability Vector 22 :\n",
            "[0.08878705 0.07027976 0.06780354 0.1216033  0.13429194 0.06697301\n",
            " 0.10845988 0.19789959 0.14390194]\n",
            "\n",
            "Probability Vector 23 :\n",
            "[0.08850175 0.07016407 0.06794768 0.12155097 0.13412509 0.06714597\n",
            " 0.10848212 0.19820703 0.14387531]\n",
            "\n",
            "Probability Vector 24 :\n",
            "[0.08847543 0.07008387 0.06789545 0.12175274 0.13398889 0.06706255\n",
            " 0.10841244 0.19819389 0.14413473]\n",
            "\n",
            "Probability Vector 25 :\n",
            "[0.08862916 0.07016377 0.06783433 0.12172876 0.13410931 0.06699444\n",
            " 0.10841858 0.19803871 0.14408294]\n",
            "\n",
            "Probability Vector 26 :\n",
            "[0.0886039  0.07018494 0.06787669 0.1216308  0.13414911 0.06705465\n",
            " 0.10845295 0.19808468 0.14396228]\n",
            "\n",
            "Probability Vector 27 :\n",
            "[0.08853102 0.0701384  0.06789751 0.1216679  0.13407698 0.06707456\n",
            " 0.1084411  0.19815307 0.14401945]\n",
            "\n",
            "Probability Vector 28 :\n",
            "[0.08856245 0.07013924 0.06787041 0.12170904 0.13407468 0.06703849\n",
            " 0.10842638 0.1981121  0.14406722]\n",
            "\n",
            "Probability Vector 29 :\n",
            "[0.08859209 0.07016302 0.06786652 0.12167952 0.13411245 0.06703734\n",
            " 0.1084362  0.19808718 0.14402568]\n",
            "\n",
            "Probability Vector 30 :\n",
            "[0.0885684  0.07015658 0.06788147 0.12166577 0.13410409 0.06705622\n",
            " 0.10844131 0.1981146  0.14401155]\n",
            "\n",
            "Probability Vector 31 :\n",
            "[0.0885591  0.07014595 0.0678797  0.12168446 0.13408673 0.06705205\n",
            " 0.10843496 0.19812052 0.14403653]\n",
            "\n",
            "Probability Vector 32 :\n",
            "[0.08857366 0.07015195 0.06787244 0.12168683 0.13409542 0.06704337\n",
            " 0.10843393 0.19810489 0.14403751]\n",
            "\n",
            "Probability Vector 33 :\n",
            "[0.08857478 0.07015592 0.06787519 0.12167659 0.13410218 0.06704771\n",
            " 0.10843746 0.19810579 0.14402438]\n",
            "\n",
            "Probability Vector 34 :\n",
            "[0.08856699 0.07015182 0.06787824 0.12167796 0.13409599 0.06705109\n",
            " 0.1084371  0.19811362 0.14402719]\n",
            "\n",
            "Probability Vector 35 :\n",
            "[0.08856838 0.07015081 0.06787605 0.12168289 0.13409407 0.067048\n",
            " 0.10843537 0.19811118 0.14403325]\n",
            "\n",
            "Probability Vector 36 :\n",
            "[0.08857205 0.07015318 0.06787503 0.12168094 0.13409775 0.06704704\n",
            " 0.10843599 0.19810776 0.14403027]\n",
            "\n",
            "Probability Vector 37 :\n",
            "[0.0885704  0.0701531  0.06787642 0.12167889 0.13409781 0.06704887\n",
            " 0.10843673 0.19810988 0.1440279 ]\n",
            "\n",
            "Probability Vector 38 :\n",
            "[0.08856893 0.0701519  0.06787659 0.12168041 0.1340959  0.0670489\n",
            " 0.10843622 0.19811111 0.14403004]\n",
            "\n",
            "Probability Vector 39 :\n",
            "[0.08857015 0.07015224 0.06787583 0.12168108 0.13409635 0.06704795\n",
            " 0.10843597 0.1981097  0.14403072]\n",
            "\n",
            "Probability Vector 40 :\n",
            "[0.0885706  0.07015278 0.06787593 0.12168013 0.13409722 0.06704817\n",
            " 0.1084363  0.19810942 0.14402945]\n",
            "\n",
            "Probability Vector 41 :\n",
            "[0.08856986 0.07015247 0.0678763  0.12168002 0.13409677 0.06704861\n",
            " 0.10843634 0.19811022 0.14402941]\n",
            "\n",
            "Probability Vector 42 :\n",
            "[0.08856981 0.07015227 0.06787616 0.12168054 0.13409643 0.06704838\n",
            " 0.10843616 0.19811016 0.14403008]\n",
            "\n",
            "Probability Vector 43 :\n",
            "[0.08857021 0.07015248 0.067876   0.12168047 0.13409675 0.06704822\n",
            " 0.10843618 0.19810977 0.14402993]\n",
            "\n",
            "Probability Vector 44 :\n",
            "[0.08857013 0.07015253 0.06787612 0.12168022 0.13409684 0.06704838\n",
            " 0.10843627 0.19810989 0.14402962]\n",
            "\n",
            "Probability Vector 45 :\n",
            "[0.08856995 0.07015241 0.06787617 0.12168032 0.13409666 0.06704842\n",
            " 0.10843624 0.19811007 0.14402978]\n",
            "\n",
            "Probability Vector 46 :\n",
            "[0.08857003 0.07015241 0.0678761  0.12168042 0.13409665 0.06704833\n",
            " 0.1084362  0.19810996 0.1440299 ]\n",
            "\n",
            "Probability Vector 47 :\n",
            "[0.08857011 0.07015247 0.06787609 0.12168034 0.13409675 0.06704833\n",
            " 0.10843623 0.1981099  0.14402979]\n",
            "\n",
            "Probability Vector 48 :\n",
            "[0.08857004 0.07015246 0.06787613 0.12168031 0.13409673 0.06704838\n",
            " 0.10843624 0.19810997 0.14402975]\n",
            "\n",
            "Probability Vector 49 :\n",
            "[0.08857002 0.07015243 0.06787612 0.12168036 0.13409668 0.06704836\n",
            " 0.10843622 0.19810998 0.14402982]\n",
            "\n",
            "Probability Vector 50 :\n",
            "[0.08857006 0.07015244 0.0678761  0.12168036 0.13409671 0.06704834\n",
            " 0.10843622 0.19810994 0.14402982]\n",
            "\n",
            "Probability Vector 51 :\n",
            "[0.08857006 0.07015245 0.06787611 0.12168034 0.13409672 0.06704835\n",
            " 0.10843623 0.19810994 0.14402978]\n",
            "\n",
            "Probability Vector 52 :\n",
            "[0.08857004 0.07015244 0.06787612 0.12168034 0.13409671 0.06704836\n",
            " 0.10843623 0.19810996 0.14402979]\n",
            "\n",
            "Probability Vector 53 :\n",
            "[0.08857004 0.07015244 0.06787611 0.12168035 0.1340967  0.06704835\n",
            " 0.10843623 0.19810996 0.14402981]\n",
            "\n",
            "Probability Vector 54 :\n",
            "[0.08857005 0.07015245 0.06787611 0.12168035 0.13409671 0.06704835\n",
            " 0.10843623 0.19810995 0.1440298 ]\n",
            "\n",
            "Probability Vector 55 :\n",
            "[0.08857005 0.07015245 0.06787611 0.12168034 0.13409671 0.06704836\n",
            " 0.10843623 0.19810995 0.14402979]\n",
            "\n",
            "Probability Vector 56 :\n",
            "[0.08857005 0.07015244 0.06787611 0.12168035 0.13409671 0.06704836\n",
            " 0.10843623 0.19810996 0.1440298 ]\n",
            "\n",
            "Probability Vector 57 :\n",
            "[0.08857005 0.07015244 0.06787611 0.12168035 0.13409671 0.06704835\n",
            " 0.10843623 0.19810995 0.1440298 ]\n",
            "\n",
            "Probability Vector 58 :\n",
            "[0.08857005 0.07015245 0.06787611 0.12168035 0.13409671 0.06704835\n",
            " 0.10843623 0.19810995 0.1440298 ]\n",
            "\n",
            "Probability Vector 59 :\n",
            "[0.08857005 0.07015245 0.06787611 0.12168035 0.13409671 0.06704836\n",
            " 0.10843623 0.19810995 0.1440298 ]\n",
            "\n",
            "Probability Vector 60 :\n",
            "[0.08857005 0.07015244 0.06787611 0.12168035 0.13409671 0.06704835\n",
            " 0.10843623 0.19810995 0.1440298 ]\n",
            "\n",
            "Probability Vector 61 :\n",
            "[0.08857005 0.07015245 0.06787611 0.12168035 0.13409671 0.06704835\n",
            " 0.10843623 0.19810995 0.1440298 ]\n",
            "\n",
            "Probability Vector 62 :\n",
            "[0.08857005 0.07015245 0.06787611 0.12168035 0.13409671 0.06704835\n",
            " 0.10843623 0.19810995 0.1440298 ]\n",
            "\n",
            "Probability Vector 63 :\n",
            "[0.08857005 0.07015245 0.06787611 0.12168035 0.13409671 0.06704835\n",
            " 0.10843623 0.19810995 0.1440298 ]\n",
            "\n",
            "Probability Vector 64 :\n",
            "[0.08857005 0.07015245 0.06787611 0.12168035 0.13409671 0.06704835\n",
            " 0.10843623 0.19810995 0.1440298 ]\n",
            "\n",
            "Probability Vector 65 :\n",
            "[0.08857005 0.07015245 0.06787611 0.12168035 0.13409671 0.06704835\n",
            " 0.10843623 0.19810995 0.1440298 ]\n",
            "\n",
            "Probability Vector 66 :\n",
            "[0.08857005 0.07015245 0.06787611 0.12168035 0.13409671 0.06704835\n",
            " 0.10843623 0.19810995 0.1440298 ]\n",
            "\n",
            "Probability Vector 67 :\n",
            "[0.08857005 0.07015245 0.06787611 0.12168035 0.13409671 0.06704835\n",
            " 0.10843623 0.19810995 0.1440298 ]\n",
            "\n",
            "Probability Vector 68 :\n",
            "[0.08857005 0.07015245 0.06787611 0.12168035 0.13409671 0.06704835\n",
            " 0.10843623 0.19810995 0.1440298 ]\n",
            "\n",
            "Probability Vector 69 :\n",
            "[0.08857005 0.07015245 0.06787611 0.12168035 0.13409671 0.06704835\n",
            " 0.10843623 0.19810995 0.1440298 ]\n",
            "\n",
            "Probability Vector 70 :\n",
            "[0.08857005 0.07015245 0.06787611 0.12168035 0.13409671 0.06704835\n",
            " 0.10843623 0.19810995 0.1440298 ]\n",
            "\n",
            "Probability Vector 71 :\n",
            "[0.08857005 0.07015245 0.06787611 0.12168035 0.13409671 0.06704835\n",
            " 0.10843623 0.19810995 0.1440298 ]\n",
            "\n",
            "Probability Vector 72 :\n",
            "[0.08857005 0.07015245 0.06787611 0.12168035 0.13409671 0.06704835\n",
            " 0.10843623 0.19810995 0.1440298 ]\n",
            "\n",
            "Probability Vector 73 :\n",
            "[0.08857005 0.07015245 0.06787611 0.12168035 0.13409671 0.06704835\n",
            " 0.10843623 0.19810995 0.1440298 ]\n",
            "\n",
            "Probability Vector 74 :\n",
            "[0.08857005 0.07015245 0.06787611 0.12168035 0.13409671 0.06704835\n",
            " 0.10843623 0.19810995 0.1440298 ]\n",
            "\n",
            "Probability Vector 75 :\n",
            "[0.08857005 0.07015245 0.06787611 0.12168035 0.13409671 0.06704835\n",
            " 0.10843623 0.19810995 0.1440298 ]\n",
            "\n",
            "Probability Vector 76 :\n",
            "[0.08857005 0.07015245 0.06787611 0.12168035 0.13409671 0.06704835\n",
            " 0.10843623 0.19810995 0.1440298 ]\n",
            "\n",
            "Probability Vector 77 :\n",
            "[0.08857005 0.07015245 0.06787611 0.12168035 0.13409671 0.06704835\n",
            " 0.10843623 0.19810995 0.1440298 ]\n",
            "\n",
            "Probability Vector 78 :\n",
            "[0.08857005 0.07015245 0.06787611 0.12168035 0.13409671 0.06704835\n",
            " 0.10843623 0.19810995 0.1440298 ]\n",
            "\n",
            "Probability Vector 79 :\n",
            "[0.08857005 0.07015245 0.06787611 0.12168035 0.13409671 0.06704835\n",
            " 0.10843623 0.19810995 0.1440298 ]\n",
            "\n",
            "Probability Vector 80 :\n",
            "[0.08857005 0.07015245 0.06787611 0.12168035 0.13409671 0.06704835\n",
            " 0.10843623 0.19810995 0.1440298 ]\n",
            "\n",
            "This is the Steady-State Vector:\n",
            "[0.08857005 0.07015245 0.06787611 0.12168035 0.13409671 0.06704835\n",
            " 0.10843623 0.19810995 0.1440298 ]\n"
          ],
          "name": "stdout"
        }
      ]
    },
    {
      "cell_type": "markdown",
      "metadata": {
        "id": "3GuTQ8-_JEmh"
      },
      "source": [
        "#This is the Steady-State Vector:\n",
        "[0.08857005 0.07015245 0.06787611 0.12168035 0.13409671 0.06704835\n",
        " 0.10843623 0.19810995 0.1440298 ]"
      ]
    },
    {
      "cell_type": "markdown",
      "metadata": {
        "id": "4wuT7UjNK1Rq"
      },
      "source": [
        "#Problem 5#"
      ]
    },
    {
      "cell_type": "markdown",
      "metadata": {
        "id": "axXfW1WEK45Q"
      },
      "source": [
        "#Webpage Rank (Greatest to Least):#\n",
        "Page 8\n",
        "\n",
        "Page 9\n",
        "\n",
        "Page 5\n",
        "\n",
        "Page 4\n",
        "\n",
        "Page 7\n",
        "\n",
        "Page 1\n",
        "\n",
        "Page 2\n",
        "\n",
        "Page 3\n",
        "\n",
        "Page 6"
      ]
    },
    {
      "cell_type": "markdown",
      "metadata": {
        "id": "h1O0TwqES2v3"
      },
      "source": [
        "#Problem 6#"
      ]
    },
    {
      "cell_type": "code",
      "metadata": {
        "colab": {
          "base_uri": "https://localhost:8080/"
        },
        "id": "RtJ7WbWUS4oP",
        "outputId": "ca4ab6c1-c351-46e0-bb58-2afff2b51caf"
      },
      "source": [
        "# Step 1: Get the initial value of A, x, and Ax\n",
        "A = np.array([[10,7,8,7],[7,5,6,5],[8,6,10,9],[7,5,9,10]])\n",
        "x = np.array([1,0,0,0])\n",
        "Ax = A@x\n",
        "print(Ax)\n",
        "\n",
        "# Step 2: Find the largest entry in Ax\n",
        "mu = max(Ax)\n",
        "print(mu)\n",
        "\n",
        "#Step 3: Divide Ax by mu and repeat until there is no change in x. \n",
        "newx = [a / mu for a in Ax ]\n",
        "print(\"X = 1\")\n",
        "print(newx)\n",
        "print('')\n",
        "\n",
        "for i in range(1, 50):\n",
        "  mu2 = max(newx)\n",
        "  newx = [a / mu2 for a in newx]\n",
        "  print(\"X =\", i+1)\n",
        "  print(newx)\n",
        "  print('')"
      ],
      "execution_count": 48,
      "outputs": [
        {
          "output_type": "stream",
          "text": [
            "[10  7  8  7]\n",
            "10\n",
            "X = 1\n",
            "[1.0, 0.7, 0.8, 0.7]\n",
            "\n",
            "X = 2\n",
            "[1.0, 0.7, 0.8, 0.7]\n",
            "\n",
            "X = 3\n",
            "[1.0, 0.7, 0.8, 0.7]\n",
            "\n",
            "X = 4\n",
            "[1.0, 0.7, 0.8, 0.7]\n",
            "\n",
            "X = 5\n",
            "[1.0, 0.7, 0.8, 0.7]\n",
            "\n",
            "X = 6\n",
            "[1.0, 0.7, 0.8, 0.7]\n",
            "\n",
            "X = 7\n",
            "[1.0, 0.7, 0.8, 0.7]\n",
            "\n",
            "X = 8\n",
            "[1.0, 0.7, 0.8, 0.7]\n",
            "\n",
            "X = 9\n",
            "[1.0, 0.7, 0.8, 0.7]\n",
            "\n",
            "X = 10\n",
            "[1.0, 0.7, 0.8, 0.7]\n",
            "\n",
            "X = 11\n",
            "[1.0, 0.7, 0.8, 0.7]\n",
            "\n",
            "X = 12\n",
            "[1.0, 0.7, 0.8, 0.7]\n",
            "\n",
            "X = 13\n",
            "[1.0, 0.7, 0.8, 0.7]\n",
            "\n",
            "X = 14\n",
            "[1.0, 0.7, 0.8, 0.7]\n",
            "\n",
            "X = 15\n",
            "[1.0, 0.7, 0.8, 0.7]\n",
            "\n",
            "X = 16\n",
            "[1.0, 0.7, 0.8, 0.7]\n",
            "\n",
            "X = 17\n",
            "[1.0, 0.7, 0.8, 0.7]\n",
            "\n",
            "X = 18\n",
            "[1.0, 0.7, 0.8, 0.7]\n",
            "\n",
            "X = 19\n",
            "[1.0, 0.7, 0.8, 0.7]\n",
            "\n",
            "X = 20\n",
            "[1.0, 0.7, 0.8, 0.7]\n",
            "\n",
            "X = 21\n",
            "[1.0, 0.7, 0.8, 0.7]\n",
            "\n",
            "X = 22\n",
            "[1.0, 0.7, 0.8, 0.7]\n",
            "\n",
            "X = 23\n",
            "[1.0, 0.7, 0.8, 0.7]\n",
            "\n",
            "X = 24\n",
            "[1.0, 0.7, 0.8, 0.7]\n",
            "\n",
            "X = 25\n",
            "[1.0, 0.7, 0.8, 0.7]\n",
            "\n",
            "X = 26\n",
            "[1.0, 0.7, 0.8, 0.7]\n",
            "\n",
            "X = 27\n",
            "[1.0, 0.7, 0.8, 0.7]\n",
            "\n",
            "X = 28\n",
            "[1.0, 0.7, 0.8, 0.7]\n",
            "\n",
            "X = 29\n",
            "[1.0, 0.7, 0.8, 0.7]\n",
            "\n",
            "X = 30\n",
            "[1.0, 0.7, 0.8, 0.7]\n",
            "\n",
            "X = 31\n",
            "[1.0, 0.7, 0.8, 0.7]\n",
            "\n",
            "X = 32\n",
            "[1.0, 0.7, 0.8, 0.7]\n",
            "\n",
            "X = 33\n",
            "[1.0, 0.7, 0.8, 0.7]\n",
            "\n",
            "X = 34\n",
            "[1.0, 0.7, 0.8, 0.7]\n",
            "\n",
            "X = 35\n",
            "[1.0, 0.7, 0.8, 0.7]\n",
            "\n",
            "X = 36\n",
            "[1.0, 0.7, 0.8, 0.7]\n",
            "\n",
            "X = 37\n",
            "[1.0, 0.7, 0.8, 0.7]\n",
            "\n",
            "X = 38\n",
            "[1.0, 0.7, 0.8, 0.7]\n",
            "\n",
            "X = 39\n",
            "[1.0, 0.7, 0.8, 0.7]\n",
            "\n",
            "X = 40\n",
            "[1.0, 0.7, 0.8, 0.7]\n",
            "\n",
            "X = 41\n",
            "[1.0, 0.7, 0.8, 0.7]\n",
            "\n",
            "X = 42\n",
            "[1.0, 0.7, 0.8, 0.7]\n",
            "\n",
            "X = 43\n",
            "[1.0, 0.7, 0.8, 0.7]\n",
            "\n",
            "X = 44\n",
            "[1.0, 0.7, 0.8, 0.7]\n",
            "\n",
            "X = 45\n",
            "[1.0, 0.7, 0.8, 0.7]\n",
            "\n",
            "X = 46\n",
            "[1.0, 0.7, 0.8, 0.7]\n",
            "\n",
            "X = 47\n",
            "[1.0, 0.7, 0.8, 0.7]\n",
            "\n",
            "X = 48\n",
            "[1.0, 0.7, 0.8, 0.7]\n",
            "\n",
            "X = 49\n",
            "[1.0, 0.7, 0.8, 0.7]\n",
            "\n",
            "X = 50\n",
            "[1.0, 0.7, 0.8, 0.7]\n",
            "\n"
          ],
          "name": "stdout"
        }
      ]
    }
  ]
}